image_width: 1920
image_height: 1208
camera_name: port_1/camera_1
camera_matrix:
  rows: 3
  cols: 3
  data: [9.8407481207838600e+02, 0., 9.9013494088371476e+02, 0., 9.8520807592620258e+02, 6.3976286953995088e+02, 0., 0., 1.]
distortion_model: plumb_bob
distortion_coefficients:
  rows: 1
  cols: 5
  data: [-3.2215769051933940e-01, 1.0324004384830666e-01, -7.2869366863494926e-04, -2.2871570814243249e-03, -1.4396314615512893e-02]
rectification_matrix:
  rows: 3
  cols: 3
  data: [1.000000, 0.000000, 0.000000, 0.000000, 1.000000, 0.000000, 0.000000, 0.000000, 1.000000]
projection_matrix:
  rows: 3
  cols: 4
  data: [1.000000, 0.000000, 0.000000, 0.000000, 0.000000, 1.000000, 0.000000, 0.000000, 0.000000, 0.000000, 1.000000, 0.000000]
