image_width: 1920
image_height: 1208
camera_name: port_1/camera_2
camera_matrix:
  rows: 3
  cols: 3
  data: [9.7292688364161802e+02, 0., 9.2438165972245349e+02, 0., 9.7582276576714878e+02, 6.2041937084145388e+02, 0., 0., 1.]
distortion_model: plumb_bob
distortion_coefficients:
  rows: 1
  cols: 5
  data: [-3.1142008306619884e-01, 9.1079953451390805e-02, 1.5171317257171621e-03, 2.2906095753280017e-03, -1.1022836318862000e-02]
rectification_matrix:
  rows: 3
  cols: 3
  data: [1.000000, 0.000000, 0.000000, 0.000000, 1.000000, 0.000000, 0.000000, 0.000000, 1.000000]
projection_matrix:
  rows: 3
  cols: 4
  data: [1.000000, 0.000000, 0.000000, 0.000000, 0.000000, 1.000000, 0.000000, 0.000000, 0.000000, 0.000000, 1.000000, 0.000000]
