image_width: 1920
image_height: 1208
camera_name: port_2/camera_0
camera_matrix:
  rows: 3
  cols: 3
  data: [712.555602, 0.000000, 975.465606, 0.000000, 717.386418, 588.758838, 0.000000, 0.000000, 1.000000]
distortion_model: plumb_bob
distortion_coefficients:
  rows: 1
  cols: 5
  data: [-0.284345, 0.059259, 0.012082, -0.003983, 0.000000]
rectification_matrix:
  rows: 3
  cols: 3
  data: [1.000000, 0.000000, 0.000000, 0.000000, 1.000000, 0.000000, 0.000000, 0.000000, 1.000000]
projection_matrix:
  rows: 3
  cols: 4
  data: [1.000000, 0.000000, 0.000000, 0.000000, 0.000000, 1.000000, 0.000000, 0.000000, 0.000000, 0.000000, 1.000000, 0.000000]
