image_width: 1920
image_height: 1208
camera_name: port_3/camera_0
camera_matrix:
  rows: 3
  cols: 3
  data: [9.5155437366984336e+02, 0., 9.8367721075285863e+02, 0., 9.5335627408485550e+02, 6.3382514355171941e+02, 0., 0., 1.]
distortion_model: plumb_bob
distortion_coefficients:
  rows: 1
  cols: 5
  data: [-3.1114332154933771e-01, 9.4239154002978054e-02, -2.1354023683955024e-04, -4.7726759967565779e-04, -1.2357100429090082e-02]
rectification_matrix:
  rows: 3
  cols: 3
  data: [1.000000, 0.000000, 0.000000, 0.000000, 1.000000, 0.000000, 0.000000, 0.000000, 1.000000]
projection_matrix:
  rows: 3
  cols: 4
  data: [1.000000, 0.000000, 0.000000, 0.000000, 0.000000, 1.000000, 0.000000, 0.000000, 0.000000, 0.000000, 1.000000, 0.000000]
