image_width: 1920
image_height: 1208
camera_name: port_a/camera_2
camera_matrix:
  rows: 3
  cols: 3
  data: [1846.527660, 0.000000, 974.100213, 0.000000, 1841.475545, 609.192530, 0.000000, 0.000000, 1.000000]
distortion_model: plumb_bob
distortion_coefficients:
  rows: 1
  cols: 5
  data: [-0.293909, 0.124855, -0.000266, 0.001023, 0.000000]
rectification_matrix:
  rows: 3
  cols: 3
  data: [1.000000, 0.000000, 0.000000, 0.000000, 1.000000, 0.000000, 0.000000, 0.000000, 1.000000]
projection_matrix:
  rows: 3
  cols: 4
  data: [1.000000, 0.000000, 0.000000, 0.000000, 0.000000, 1.000000, 0.000000, 0.000000, 0.000000, 0.000000, 1.000000, 0.000000]
