image_width: 1920
image_height: 1208
camera_name: port_d/camera_1
camera_matrix:
  rows: 3
  cols: 3
  data: [9.5501301719397600e+02, 0., 9.6558858273472549e+02, 0., 9.5552014209193442e+02, 6.1655577902079483e+02, 0., 0., 1.]
distortion_model: plumb_bob
distortion_coefficients:
  rows: 1
  cols: 5
  data: [-3.4364218412350284e-01, 1.3000508425488441e-01, -3.3936384499168412e-04, 6.7506221058215353e-05, -2.3098430331230348e-02]
rectification_matrix:
  rows: 3
  cols: 3
  data: [1.000000, 0.000000, 0.000000, 0.000000, 1.000000, 0.000000, 0.000000, 0.000000, 1.000000]
projection_matrix:
  rows: 3
  cols: 4
  data: [1.000000, 0.000000, 0.000000, 0.000000, 0.000000, 1.000000, 0.000000, 0.000000, 0.000000, 0.000000, 1.000000, 0.000000]
